1000 1
1000 1
1000 1
1000 1
1000 1
1000 1
1000 1
1000 1
1000 1
1000 1
1000 1
1000 1
1000 1
1000 1
1000 1
1000 1
1000 1
1000 1
1000 1
1000 -1
2000 1
2001 1
2002 -1
2003 -1
2000 1
2001 1
2002 -1
2003 -1
2000 1
2001 1
3770 -1
3506 1
3157 -1
3113 -1
3860 -1
3145 -1
3449 1
3637 1
3776 -1
3899 -1
1000 1
1000 1
1000 1
1000 1
1000 1
1000 1
1000 1
1000 1
1000 1
1000 1
1000 1
1000 1
1000 1
1000 1
1000 1
1000 1
1000 1
1000 1
1000 1
1000 -1
2000 1
2001 1
2002 -1
2003 -1
2000 1
2001 1
2002 -1
2003 -1
2000 1
2001 1
3311 1
3964 1
3398 -1
3500 1
3726 1
3248 1
3637 1
3616 1
3770 -1
3835 -1
1000 1
1000 1
1000 1
1000 1
1000 1
1000 1
1000 1
1000 1
1000 1
1000 1
1000 1
1000 1
1000 1
1000 1
1000 1
1000 1
1000 1
1000 1
1000 1
1000 -1
2000 1
2001 1
2002 -1
2003 -1
2000 1
2001 1
2002 -1
2003 -1
2000 1
2001 1
3489 1
3290 -1
3097 1
3200 1
3754 1
3358 1
3394 -1
3853 1
3511 1
3947 -1
1000 1
1000 1
1000 1
1000 1
1000 1
1000 1
1000 1
1000 1
1000 1
1000 1
1000 1
1000 1
1000 1
1000 1
1000 1
1000 1
1000 1
1000 1
1000 1
1000 -1
2000 1
2001 1
2002 -1
2003 -1
2000 1
2001 1
2002 -1
2003 -1
2000 1
2001 1
3347 -1
3913 -1
3217 1
3221 1
3317 -1
3853 1
3608 1
3134 -1
3742 1
3602 1
1000 1
1000 1
1000 1
1000 1
1000 1
1000 1
1000 1
1000 1
1000 1
1000 1
1000 1
1000 1
1000 1
1000 1
1000 1
1000 1
1000 1
1000 1
1000 1
1000 -1
2000 1
2001 1
2002 -1
2003 -1
2000 1
2001 1
2002 -1
2003 -1
2000 1
2001 1
3440 -1
3496 1
3400 1
3084 1
3880 1
3368 1
3016 1
3776 1
3601 1
3509 1
1000 1
1000 1
1000 1
1000 1
1000 1
1000 1
1000 1
1000 1
1000 1
1000 1
1000 1
1000 1
1000 1
1000 1
1000 1
1000 1
1000 1
1000 1
1000 1
1000 -1
2000 1
2001 1
2002 -1
2003 -1
2000 1
2001 1
2002 -1
2003 -1
2000 1
2001 1
3863 -1
3203 -1
3031 1
3236 1
3398 1
3939 -1
3120 1
3529 1
3821 -1
3271 -1
1000 1
1000 1
1000 1
1000 1
1000 1
1000 1
1000 1
1000 1
1000 1
1000 1
1000 1
1000 1
1000 1
1000 1
1000 1
1000 1
1000 1
1000 1
1000 1
1000 -1
2000 1
2001 1
2002 -1
2003 -1
2000 1
2001 1
2002 -1
2003 -1
2000 1
2001 1
3243 1
3620 1
3759 1
3846 -1
3199 -1
3384 1
3363 -1
3630 1
3916 1
3641 1
1000 1
1000 1
1000 1
1000 1
1000 1
1000 1
1000 1
1000 1
1000 1
1000 1
1000 1
1000 1
1000 1
1000 1
1000 1
1000 1
1000 1
1000 1
1000 1
1000 -1
2000 1
2001 1
2002 -1
2003 -1
2000 1
2001 1
2002 -1
2003 -1
2000 1
2001 1
3419 1
3965 -1
3285 1
3379 1
3392 1
3971 1
3362 1
3240 1
3347 1
3667 1
1000 1
1000 1
1000 1
1000 1
1000 1
1000 1
1000 1
1000 1
1000 1
1000 1
1000 1
1000 1
1000 1
1000 1
1000 1
1000 1
1000 1
1000 1
1000 1
1000 -1
2000 1
2001 1
2002 -1
2003 -1
2000 1
2001 1
2002 -1
2003 -1
2000 1
2001 1
3529 -1
3521 -1
3897 1
3538 -1
3451 1
3143 -1
3449 1
3025 -1
3307 -1
3245 -1
1000 1
1000 1
1000 1
1000 1
1000 1
1000 1
1000 1
1000 1
1000 1
1000 1
1000 1
1000 1
1000 1
1000 1
1000 1
1000 1
1000 1
1000 1
1000 1
1000 -1
2000 1
2001 1
2002 -1
2003 -1
2000 1
2001 1
2002 -1
2003 -1
2000 1
2001 1
3189 -1
3035 1
3828 1
3508 1
3124 1
3220 -1
3716 1
3415 1
3253 -1
3737 -1
1000 1
1000 1
1000 1
1000 1
1000 1
1000 1
1000 1
1000 1
1000 1
1000 1
1000 1
1000 1
1000 1
1000 1
1000 1
1000 1
1000 1
1000 1
1000 1
1000 -1
2000 1
2001 1
2002 -1
2003 -1
2000 1
2001 1
2002 -1
2003 -1
2000 1
2001 1
3923 1
3320 -1
3257 -1
3682 1
3842 1
3755 1
3302 -1
3149 1
3191 1
3340 1
1000 1
1000 1
1000 1
1000 1
1000 1
1000 1
1000 1
1000 1
1000 1
1000 1
1000 1
1000 1
1000 1
1000 1
1000 1
1000 1
1000 1
1000 1
1000 1
1000 -1
2000 1
2001 1
2002 -1
2003 -1
2000 1
2001 1
2002 -1
2003 -1
2000 1
2001 1
3065 -1
3070 1
3448 1
3132 -1
3455 -1
3978 -1
3106 -1
3967 1
3929 -1
3403 1
1000 1
1000 1
1000 1
1000 1
1000 1
1000 1
1000 1
1000 1
1000 1
1000 1
1000 1
1000 1
1000 1
1000 1
1000 1
1000 1
1000 1
1000 1
1000 1
1000 -1
