1000 -1
1001 -1
1002 -1
1003 -1
1004 -1
1000 -1
1001 -1
1002 -1
1003 -1
1004 -1
2000 1
2000 1
2000 1
2000 1
2000 -1
2000 1
2000 1
2000 1
2000 1
2000 -1
2000 1
2000 1
2000 1
2000 1
2000 -1
3001 1
3002 1
3000 1
3001 1
3002 1
3000 1
3001 1
3002 1
3000 1
3001 1
4840 -1
4881 -1
4617 1
4313 1
4419 1
4458 1
4477 1
4267 1
4840 -1
4886 1
4016 1
4839 1
4593 1
4409 1
4820 -1
1000 -1
1001 -1
1002 -1
1003 -1
1004 -1
1000 -1
1001 -1
1002 -1
1003 -1
1004 -1
2000 1
2000 1
2000 1
2000 1
2000 -1
2000 1
2000 1
2000 1
2000 1
2000 -1
2000 1
2000 1
2000 1
2000 1
2000 -1
3000 1
3001 1
3002 1
3000 1
3001 1
3002 1
3000 1
3001 1
3002 1
3000 1
4748 1
4451 -1
4254 1
4420 1
4263 1
4425 1
4177 1
4964 -1
4229 1
4792 1
4400 1
4280 1
4183 -1
4423 1
4934 -1
1000 -1
1001 -1
1002 -1
1003 -1
1004 -1
1000 -1
1001 -1
1002 -1
1003 -1
1004 -1
2000 1
2000 1
2000 1
2000 1
2000 -1
2000 1
2000 1
2000 1
2000 1
2000 -1
2000 1
2000 1
2000 1
2000 1
2000 -1
3002 1
3000 1
3001 1
3002 1
3000 1
3001 1
3002 1
3000 1
3001 1
3002 1
4927 -1
4255 1
4875 -1
4035 1
4984 1
4319 1
4835 -1
4054 1
4507 -1
4105 -1
4797 -1
4490 1
4582 -1
4283 1
4533 -1
1000 -1
1001 -1
1002 -1
1003 -1
1004 -1
1000 -1
1001 -1
1002 -1
1003 -1
1004 -1
2000 1
2000 1
2000 1
2000 1
2000 -1
2000 1
2000 1
2000 1
2000 1
2000 -1
2000 1
2000 1
2000 1
2000 1
2000 -1
3001 1
3002 1
3000 1
3001 1
3002 1
3000 1
3001 1
3002 1
3000 1
3001 1
4704 1
4924 1
4942 1
4609 1
4609 1
4724 -1
4030 -1
4153 -1
4449 1
4516 1
4716 1
4791 -1
4803 1
4823 1
4345 -1
1000 -1
1001 -1
1002 -1
1003 -1
1004 -1
1000 -1
1001 -1
1002 -1
1003 -1
1004 -1
2000 1
2000 1
2000 1
2000 1
2000 -1
2000 1
2000 1
2000 1
2000 1
2000 -1
2000 1
2000 1
2000 1
2000 1
2000 -1
3000 1
3001 1
3002 1
3000 1
3001 1
3002 1
3000 1
3001 1
3002 1
3000 1
4343 -1
4746 1
4947 -1
4250 -1
4400 -1
4264 1
4075 1
4105 -1
4474 1
4874 -1
4373 1
4787 1
4478 -1
4826 1
4342 -1
1000 -1
1001 -1
1002 -1
1003 -1
1004 -1
1000 -1
1001 -1
1002 -1
1003 -1
1004 -1
2000 1
2000 1
2000 1
2000 1
2000 -1
2000 1
2000 1
2000 1
2000 1
2000 -1
2000 1
2000 1
2000 1
2000 1
2000 -1
3002 1
3000 1
3001 1
3002 1
3000 1
3001 1
3002 1
3000 1
3001 1
3002 1
4913 1
4384 1
4507 -1
4793 1
4459 -1
4991 1
4858 -1
4299 1
4170 1
4974 1
4718 1
4620 1
4262 1
4866 1
4466 1
1000 -1
1001 -1
1002 -1
1003 -1
1004 -1
1000 -1
1001 -1
1002 -1
1003 -1
1004 -1
2000 1
2000 1
2000 1
2000 1
2000 -1
2000 1
2000 1
2000 1
2000 1
2000 -1
2000 1
2000 1
2000 1
2000 1
2000 -1
3001 1
3002 1
3000 1
3001 1
3002 1
3000 1
3001 1
3002 1
3000 1
3001 1
4712 1
4243 1
4037 -1
4539 1
4717 1
4217 -1
4111 -1
4899 1
4964 1
4542 1
4112 -1
4137 -1
4101 1
4549 1
4124 1
1000 -1
1001 -1
1002 -1
1003 -1
1004 -1
1000 -1
1001 -1
1002 -1
1003 -1
1004 -1
2000 1
2000 1
2000 1
2000 1
2000 -1
2000 1
2000 1
2000 1
2000 1
2000 -1
2000 1
2000 1
2000 1
2000 1
2000 -1
3000 1
3001 1
3002 1
3000 1
3001 1
3002 1
3000 1
3001 1
3002 1
3000 1
4454 1
4349 1
4256 1
4380 -1
4584 1
4327 1
4099 1
4732 1
4866 -1
4405 1
4562 1
4363 -1
4066 1
4061 1
4867 -1
1000 -1
1001 -1
1002 -1
1003 -1
1004 -1
1000 -1
1001 -1
1002 -1
1003 -1
1004 -1
2000 1
2000 1
2000 1
2000 1
2000 -1
2000 1
2000 1
2000 1
2000 1
2000 -1
2000 1
2000 1
2000 1
2000 1
2000 -1
3002 1
3000 1
3001 1
3002 1
3000 1
3001 1
3002 1
3000 1
3001 1
3002 1
4820 1
4256 -1
4287 1
4919 1
4608 -1
4399 1
4214 -1
4427 1
4756 -1
4035 -1
4743 -1
4543 1
4537 1
4687 1
4284 1
1000 -1
1001 -1
1002 -1
1003 -1
1004 -1
1000 -1
1001 -1
1002 -1
1003 -1
1004 -1
2000 1
2000 1
2000 1
2000 1
2000 -1
2000 1
2000 1
2000 1
2000 1
2000 -1
2000 1
2000 1
2000 1
2000 1
2000 -1
3001 1
3002 1
3000 1
3001 1
3002 1
3000 1
3001 1
3002 1
3000 1
3001 1
4218 1
4400 1
4876 1
4056 1
4453 1
4609 1
4615 1
4947 1
4605 1
4065 -1
4249 1
4306 -1
4007 -1
4807 -1
4437 -1