1000 -1
1001 -1
1002 -1
1003 -1
1004 -1
1000 -1
1001 -1
1002 -1
1003 -1
1004 -1
1000 -1
1001 -1
1002 -1
1003 -1
1004 -1
1000 -1
1001 -1
1002 -1
1003 -1
1004 -1
1000 -1
1001 -1
1002 -1
1003 -1
1004 -1
2000 1
2000 1
2000 1
2000 1
2000 -1
2000 1
2000 1
2000 1
2000 1
2000 -1
2000 1
2000 1
2000 1
2000 1
2000 -1
2000 1
2000 1
2000 1
2000 1
2000 -1
2000 1
2000 1
2000 1
2000 1
2000 -1
3000 1
3001 1
3002 1
3000 1
3001 1
3002 1
3000 1
3001 1
3002 1
3000 1
4006 1
4043 -1
4067 1
4087 1
4044 -1
1000 -1
1001 -1
1002 -1
1003 -1
1004 -1
1000 -1
1001 -1
1002 -1
1003 -1
1004 -1
1000 -1
1001 -1
1002 -1
1003 -1
1004 -1
1000 -1
1001 -1
1002 -1
1003 -1
1004 -1
1000 -1
1001 -1
1002 -1
1003 -1
1004 -1
2000 1
2000 1
2000 1
2000 1
2000 -1
2000 1
2000 1
2000 1
2000 1
2000 -1
2000 1
2000 1
2000 1
2000 1
2000 -1
2000 1
2000 1
2000 1
2000 1
2000 -1
2000 1
2000 1
2000 1
2000 1
2000 -1
3000 1
3001 1
3002 1
3000 1
3001 1
3002 1
3000 1
3001 1
3002 1
3000 1
4055 1
4035 1
4068 -1
4090 -1
4021 1
1000 -1
1001 -1
1002 -1
1003 -1
1004 -1
1000 -1
1001 -1
1002 -1
1003 -1
1004 -1
1000 -1
1001 -1
1002 -1
1003 -1
1004 -1
1000 -1
1001 -1
1002 -1
1003 -1
1004 -1
1000 -1
1001 -1
1002 -1
1003 -1
1004 -1
2000 1
2000 1
2000 1
2000 1
2000 -1
2000 1
2000 1
2000 1
2000 1
2000 -1
2000 1
2000 1
2000 1
2000 1
2000 -1
2000 1
2000 1
2000 1
2000 1
2000 -1
2000 1
2000 1
2000 1
2000 1
2000 -1
3000 1
3001 1
3002 1
3000 1
3001 1
3002 1
3000 1
3001 1
3002 1
3000 1
4034 -1
4090 1
4047 -1
4002 -1
4093 1
1000 -1
1001 -1
1002 -1
1003 -1
1004 -1
1000 -1
1001 -1
1002 -1
1003 -1
1004 -1
1000 -1
1001 -1
1002 -1
1003 -1
1004 -1
1000 -1
1001 -1
1002 -1
1003 -1
1004 -1
1000 -1
1001 -1
1002 -1
1003 -1
1004 -1
2000 1
2000 1
2000 1
2000 1
2000 -1
2000 1
2000 1
2000 1
2000 1
2000 -1
2000 1
2000 1
2000 1
2000 1
2000 -1
2000 1
2000 1
2000 1
2000 1
2000 -1
2000 1
2000 1
2000 1
2000 1
2000 -1
3000 1
3001 1
3002 1
3000 1
3001 1
3002 1
3000 1
3001 1
3002 1
3000 1
4073 -1
4017 1
4088 -1
4063 1
4055 1
1000 -1
1001 -1
1002 -1
1003 -1
1004 -1
1000 -1
1001 -1
1002 -1
1003 -1
1004 -1
1000 -1
1001 -1
1002 -1
1003 -1
1004 -1
1000 -1
1001 -1
1002 -1
1003 -1
1004 -1
1000 -1
1001 -1
1002 -1
1003 -1
1004 -1
2000 1
2000 1
2000 1
2000 1
2000 -1
2000 1
2000 1
2000 1
2000 1
2000 -1
2000 1
2000 1
2000 1
2000 1
2000 -1
2000 1
2000 1
2000 1
2000 1
2000 -1
2000 1
2000 1
2000 1
2000 1
2000 -1
3000 1
3001 1
3002 1
3000 1
3001 1
3002 1
3000 1
3001 1
3002 1
3000 1
4023 -1
4081 1
4049 1
4013 -1
4007 -1
1000 -1
1001 -1
1002 -1
1003 -1
1004 -1
1000 -1
1001 -1
1002 -1
1003 -1
1004 -1
1000 -1
1001 -1
1002 -1
1003 -1
1004 -1
1000 -1
1001 -1
1002 -1
1003 -1
1004 -1
1000 -1
1001 -1
1002 -1
1003 -1
1004 -1
2000 1
2000 1
2000 1
2000 1
2000 -1
2000 1
2000 1
2000 1
2000 1
2000 -1
2000 1
2000 1
2000 1
2000 1
2000 -1
2000 1
2000 1
2000 1
2000 1
2000 -1
2000 1
2000 1
2000 1
2000 1
2000 -1
3000 1
3001 1
3002 1
3000 1
3001 1
3002 1
3000 1
3001 1
3002 1
3000 1
4024 1
4091 -1
4086 1
4083 -1
4022 -1
1000 -1
1001 -1
1002 -1
1003 -1
1004 -1
1000 -1
1001 -1
1002 -1
1003 -1
1004 -1
1000 -1
1001 -1
1002 -1
1003 -1
1004 -1
1000 -1
1001 -1
1002 -1
1003 -1
1004 -1
1000 -1
1001 -1
1002 -1
1003 -1
1004 -1
2000 1
2000 1
2000 1
2000 1
2000 -1
2000 1
2000 1
2000 1
2000 1
2000 -1
2000 1
2000 1
2000 1
2000 1
2000 -1
2000 1
2000 1
2000 1
2000 1
2000 -1
2000 1
2000 1
2000 1
2000 1
2000 -1
3000 1
3001 1
3002 1
3000 1
3001 1
3002 1
3000 1
3001 1
3002 1
3000 1
4094 -1
4035 1
4084 1
4077 1
4051 1
1000 -1
1001 -1
1002 -1
1003 -1
1004 -1
1000 -1
1001 -1
1002 -1
1003 -1
1004 -1
1000 -1
1001 -1
1002 -1
1003 -1
1004 -1
1000 -1
1001 -1
1002 -1
1003 -1
1004 -1
1000 -1
1001 -1
1002 -1
1003 -1
1004 -1
2000 1
2000 1
2000 1
2000 1
2000 -1
2000 1
2000 1
2000 1
2000 1
2000 -1
2000 1
2000 1
2000 1
2000 1
2000 -1
2000 1
2000 1
2000 1
2000 1
2000 -1
2000 1
2000 1
2000 1
2000 1
2000 -1
3000 1
3001 1
3002 1
3000 1
3001 1
3002 1
3000 1
3001 1
3002 1
3000 1
4007 1
4013 1
4050 1
4031 -1
4004 -1
1000 -1
1001 -1
1002 -1
1003 -1
1004 -1
1000 -1
1001 -1
1002 -1
1003 -1
1004 -1
1000 -1
1001 -1
1002 -1
1003 -1
1004 -1
1000 -1
1001 -1
1002 -1
1003 -1
1004 -1
1000 -1
1001 -1
1002 -1
1003 -1
1004 -1
2000 1
2000 1
2000 1
2000 1
2000 -1
2000 1
2000 1
2000 1
2000 1
2000 -1
2000 1
2000 1
2000 1
2000 1
2000 -1
2000 1
2000 1
2000 1
2000 1
2000 -1
2000 1
2000 1
2000 1
2000 1
2000 -1
3000 1
3001 1
3002 1
3000 1
3001 1
3002 1
3000 1
3001 1
3002 1
3000 1
4047 1
4087 -1
4086 -1
4050 1
4027 1
1000 -1
1001 -1
1002 -1
1003 -1
1004 -1
1000 -1
1001 -1
1002 -1
1003 -1
1004 -1
1000 -1
1001 -1
1002 -1
1003 -1
1004 -1
1000 -1
1001 -1
1002 -1
1003 -1
1004 -1
1000 -1
1001 -1
1002 -1
1003 -1
1004 -1
2000 1
2000 1
2000 1
2000 1
2000 -1
2000 1
2000 1
2000 1
2000 1
2000 -1
2000 1
2000 1
2000 1
2000 1
2000 -1
2000 1
2000 1
2000 1
2000 1
2000 -1
2000 1
2000 1
2000 1
2000 1
2000 -1
3000 1
3001 1
3002 1
3000 1
3001 1
3002 1
3000 1
3001 1
3002 1
3000 1
4052 1
4042 -1
4080 1
4055 1
4042 -1